663
668
676
677
683
684
688
693
697
707
708
711
712
713
714
717
721
724
734
738
747
749
752
757
758
760
761
768
771
775
776
778
785
786
788
792
796
797
798
799
810
812
813
820
821
826
828
830
831
832
833
835
840
843
844
846
850
851
852
853
859
861
862
863
864
866
867
868
869
870
874
875
876
877
878
879
880
881
882
883
889
890
891
893
894
895
896
897
898
899
900
901
902
903
905
907
908
909
918
919
920
921
922
924
925
927
928
932
933
934
935
936
937
938
940
941
943
944
945
946
947
948
949
950
953
954
955
956
957
958
961
962
963
964
965
966
967
968
971
972
973
974
975
976
977
978
980
982
986
987
988
991
992
993
994
995
999
1005
1008
1009
1010
1013
1014
1015
1018
1019
1020
1023
1024
1029
1030
1031
1033
1034
1037
1038
1039
1041
1043
1044
1052
1053
1054
1055
1057
1059
1060
1063
1065
1066
1070
1071
1079
1080
1082
1083
1085
1088
1089
1090
1091
1092
1093
1095
1098
1104
1105
1106
1110
1111
1112
1113
1121
1122
1123
1124
1125
1129
1137
1138
1139
1144
1150
1156
1157
1162
1163
1168
1176
1177
1188
1191
1200
1203
1208
1217
1218
1238
1239
1253
1254
1259
