0.00000 0 0.0000000
12.85716 0 0.0002449
25.71430 0 0.0004898
38.57141 0 0.0007347
51.42857 0 0.0009796
64.28573 0 0.0012245
77.14286 0 0.0014694
89.99998 0 0.0017143
102.82745 0 0.0019592
115.12458 0 0.0022041
127.36948 0 0.0024490
139.61438 0 0.0026939
148.58093 0 0.0029388
154.75367 0 0.0031837
150.67418 0 0.0034286
138.78294 0 0.0036735
125.21115 0 0.0039184
122.44082 0 0.0041633
116.44898 0 0.0044082
110.02041 0 0.0046531
103.65306 0 0.0048980
97.85714 0 0.0051429
92.46939 0 0.0053878
84.69388 0 0.0056327
81.39942 0 0.0058776
77.55102 0 0.0061224
71.94898 0 0.0063673
65.58163 0 0.0066122
63.07143 0 0.0068571
62.96939 0 0.0071020
59.67294 0 0.0073469
57.83033 0 0.0075918
56.56409 0 0.0078367
55.73159 0 0.0080816
55.00066 0 0.0083265
54.01860 0 0.0085714
52.76074 0 0.0088163
51.86926 0 0.0090612
50.89002 0 0.0093061
49.97348 0 0.0095510
48.77281 0 0.0097959
47.78986 0 0.0100408
46.85335 0 0.0102857
46.12796 0 0.0105306
45.50271 0 0.0107755
44.97760 0 0.0110204
44.55265 0 0.0112653
44.22784 0 0.0115102
44.00318 0 0.0117551
43.87866 0 0.0120000
