1362.5204714698173 1362.5204714698173 1362.5204714698173 1362.5204714698173 1362.5204714698173 1362.5204714698173 1362.5204714698173 1362.5204714698173 1362.5204714698173 1362.5204714698173 1362.5204714698173 1362.5204714698173 1362.5204714698173 1362.5204714698173 1362.5204714698173 1362.5204714698173 1704.5980109227576
173.85758263100712 173.85758263100712 173.85758263100712 173.85758263100712 173.85758263100712 173.85758263100712 173.85758263100712 173.85758263100712 173.85758263100712 173.85758263100712 173.85758263100712 173.85758263100712 173.85758263100712 173.85758263100712 173.85758263100712 173.85758263100712 1624.0683701879984
9027.112369137347 9026.25003741837 9026.146830044507 9027.577683204932 9027.554478348915 9027.629410678734 9027.698846620908 9027.82031777264 9025.88264012496 9027.88756336967 9025.863426507047 9025.84567902427 9025.7985732063 9025.768076729142 9025.804244654088 9028.101216808636 423.3605200143659
840.6412556749834 204.1704978418765 135.4118777414584 1236.1969491978905 645.7917700497369 366.9679366135198 1134.5446002237372 349.709206446423 1158.9350435104182 379.0920193663051 1287.5389190308124 365.80390608628187 492.92253810923324 997.4445041285719 1008.6856967400988 565.143616492108 734.830051850638
99.4842681991911 173.85753761877788 99.51738309290712 151.98185361837443 128.91634657968956 173.85753761877788 136.09345358772575 65.6678499276548 46.886501409425165 99.84334623263337 141.00262631244664 755.5655022596538 173.85753761877788 14.964019018030353 16.23370580280599 517.0676792439954 107.63050000530338
41.31925299229061 1453.1627693086698 25.629168005112714 61.0923314576148 18.40737925845299 1771.2996347105593 3.843312948776873 5.884191253980584 81.73445568114118 25.465930540670218 235.99604394022796 317.33726393448273 430.2316355971232 62.12063908080239 2367.650114255793 304.0062627175545 80.39228702111834
188.74613912791523 68.51436632663831 1037.6534336229938 691.4481896035252 515.7150923370224 418.289098178617 1570.7019582924474 194.61127182769607 302.12642699008967 693.9801053554877 1826.165222426178 138.6795585085421 154.14951776411496 1982.3678049057191 830.8848049641344 269.075078542631 40.475829108217
40.02558013302924 78.71889682241414 394.3724459640305 554.9374221108868 40.39341342508221 17.897086757791477 144.9349795364673 197.64638232614047 878.0944304450469 61.62545182555169 149.0642209833907 523.4427334163776 1441.630001547874 91.92846217847257 4.738693228911542 31.264176379259503 31.1326505243863
83.14507542004452 135.20680730282626 40.13452761644909 25.9120233396547 1357.2973376711204 473.55787133670947 16.4602492696662 57.879574380168314 161.16397162714495 169.0543645010193 1962.385734390685 420.1681592437766 368.6407752096766 195.11457855572826 705.1760434056705 2498.9928781423046 19.858523345968297
41.31925299229061 41.31925299229061 886.2153151134609 89.93918422013613 25.91212041498474 2962.36128967115 282.284531296444 160.88051988450295 160.20370683737085 102.55577376456517 1535.895953073863 279.89218877742337 2966.444117101051 241.74842731133643 1525.4300409278878 3165.9170415921635 30.642863262010906
144.8663507648752 722.078769757922 105.86729413344105 385.49647434393273 37.1052288151447 31.41244505963551 180.5515358642038 56.25583134793189 130.7453971637627 34.776748395656526 9.809326976757642 169.066437131759 2050.6533959411563 186.07018879367308 42.81973401326823 42.577567486750965 28.604554988307658
356.25246742627525 227.38494976726238 356.2524673058796 1276.5969283806767 30.735026363258456 132.68268510412938 228.93978207374414 625.7151130820549 6.299995682753403 120.0427330156202 4.888080045047272 57.68140335961809 358.81673167134716 358.8166940860243 83.14502402627049 87.85732347838022 18.631613395713696
83.14502402627049 16.378450226020885 316.82067629855004 72.78697261898152 140.50755758323896 33.173147733294904 26.347129578787712 743.545125626575 63.09735289122461 80.30972822497313 96.17288351293372 73.6553580482761 1685.9279486125106 420.82437636422515 14.133577752984129 74.60766588944765 18.006697899495318
60.32340632233616 293.0950920301496 846.0885663955033 56.25583134793189 358.9567322437597 160.310574424961 554.7078986707463 132.6884406319891 43.47369871646542 56.4466516144118 119.9214207326337 35.843839600296654 505.9314482914412 9.7844693689429 193.8544445937109 62.580763471118225 20.40960828790804
23.05861504154752 5.744736093632988 32.694407909256505 5.149567770924973 63.27627694948464 20.756101220516527 4.481401480189076 420.717847223067 8.058616739526327 124.27875684869726 279.16379316377754 4.123749804047221 1.5144749532037516 420.7799099431129 100.04107107512878 61.62545182555169 13.469044009911565
947.7068861140999 69.93610584064515 990.7186316090265 164.3582276410534 34.970874274511786 2.873361110189051 54.612205198398236 83.14377307170439 601.0815203109576 44.22596270679599 240.6753120669601 4.1237200785380255 78.96083254099608 1581.4533637016605 263.40789584560633 5.198478305911172 10.64712016904133
41.31925299229061 41.319253147517706 50.81842031725717 56.25583134793189 51.249516291887176 45.02069262121449 100.6050462025457 109.8462149605029 12.688462864053426 71.00368305178796 4.60133074358612 3.322272573291409 75.71679013211494 56.25583134793189 240.6753120669601 5.149567770924973 9.814199062156296
57.737527511413134 293.0950920301496 295.3286885370703 16.851738524518158 54.36252607960426 9.772103879132857 11.08818655156463 293.0950920301496 56.25583134793189 259.27223833473363 11.171039083726756 70.03306244592609 356.2855047177079 137.52796688371262 137.76981427229634 36.48277558303105 9.633875093343958
193.5781037878927 48.65390982066821 9.525140043029786 95.20130537038035 199.90789910124104 77.35330231501499 83.85279010421792 66.2726643669573 36.28246230473783 41.319253147517706 67.37489567592502 116.11513362901542 81.6986275965325 66.31228290536693 54.80785777865919 88.33556299351005 7.687672683775353
21.981197506676423 41.41543517789678 60.95772417237194 118.21707655335476 51.18215464982284 23.621293947287576 48.01675778040326 34.47390175910362 86.36077488931444 88.73415237471549 430.2316355971232 34.970874274511786 70.06118975518169 95.20337136386841 56.25583134793189 42.48382756473344 6.835132251133896
79.3581759756584 85.39430758258665 5.98534555442719 29.768945295784196 102.15238850765645 34.17957946928302 280.57413899277515 73.47522978629333 15.83723611769138 7.176880350764708 118.92925742585592 162.03736816032063 25.401193395146986 107.61836423376702 76.15724652968323 41.44167891159104 8.552882290770984
192.6497099481693 395.7175142300496 17.977249676642522 60.266941147708906 51.25947167124805 184.14216579512086 93.95164486718282 22.71319559518302 37.65378722417303 18.83776067940534 36.186683255965825 51.212059226474025 19.14391939877389 56.25583134793189 55.18146311203627 239.16300554713646 9.569296354856872
5.158513783110301 5.417616201784676 5.149567770924973 19.05227690196605 34.970874274511786 15.85255757388908 193.4807964337313 33.693170916832536 57.873407741067226 5.341442592852509 26.946054529805266 76.09576584419577 61.62545182555169 222.46938217310978 77.52799614950389 5.276437318516943 7.897046008023597
43.33714001447868 34.60560969447694 42.39131339009962 31.130773553705755 369.2562728665052 94.57452781766436 76.33127059277066 5.417616201784676 384.53963301766385 65.25789021332848 160.20370683737085 14.522058935920926 151.5100218151259 317.5356814476998 100.65755723802732 223.8795425728253 6.004199147274503
2.5388068808878974 9.995782470056037 23.518870002863537 66.17414956305527 16.851738524518158 51.21421313629532 11.640151942229016 16.427176428629505 112.51810129031713 48.66496719590857 104.80595055243337 7.102410448551219 25.409971383900835 6.642163375487639 234.83999565524266 25.120907326831475 7.76308325484856
4.828541661529632 52.407932139005446 25.23689696355395 22.346450258672586 77.70204289966306 53.02386297027217 48.416712758476365 30.031998899068483 393.9688702490334 2.7002431500823003 33.115749920593665 2.4197739973947665 26.457275571339327 88.12085519852944 35.66797851415844 31.5518788423591 7.385306246412565
31.750420478930682 38.76365397625992 34.961788175895705 7.50707118665719 53.63889222079683 152.1932021108412 77.00142280424197 120.04573141933506 49.65182836386695 30.61506392535867 70.55633943884963 39.101159114037195 35.25426157818431 29.38038510526823 30.41495050038642 40.20277525142527 7.128244243856733
25.292389102184273 63.259891042989764 88.53795034449513 120.02209211926835 116.30404605687438 16.427176428629505 132.37325482937092 56.25583134793189 8.25356273986927 60.561921668167 60.66207710074516 128.238719281875 65.99759012346414 4.707069274348209 14.96403598406139 308.9429211012788 5.749080628807961
41.31925299229061 5.19800102901561 11.613094378882204 384.49504031846556 6.830217116751716 89.0681601335116 56.25583134793189 4.54704040088508 682.849469969095 120.0427330156202 29.11910910902139 76.02925563388725 25.06376594825205 36.01592504791455 127.27870835756846 67.90071371709766 8.673984377525631
24.74784481761476 90.61842742201442 15.868113046685679 189.02508157991272 4.471337114852702 533.6801190026774 19.729259933520137 8.287767753161683 28.643431907050974 34.2777284370197 85.19817659489033 6.867949867742184 92.53787392808972 64.20537761715154 60.451155257058225 172.83689264866393 5.504468530902146
15.524485105982551 46.587315182735416 43.96426529025355 2.9420469741400597 22.597594210495448 5.777239572341668 28.544360951450436 141.30003660297606 18.879222816743788 53.13749712019836 46.36773484192205 56.18917850379581 94.73583271636484 58.26301673295555 68.51436632663831 9.395250291390528 7.652978312818974
4.62175716960744 8.287176431391824 31.706544804162373 332.5546150723995 61.62545182555169 9.284633052775497 49.39793479999854 118.91446155523651 34.92664241158601 79.13914947870452 19.464990930790382 5.270099496025231 84.53719265064532 76.09576584419577 18.84752044764042 120.8923266688126 6.485372428649621
22.019477047041104 34.2375782040709 7.769408956563331 51.51974430724284 78.80532622066795 282.284531296444 117.64458676457716 35.89805102302059 11.16359586063667 74.16042261247878 38.652205154411085 132.74650666209365 223.3161317043962 3.304554399273003 62.87993035158878 46.44438573029396 4.641306159464271
444.11743996300135 10.502591719694859 35.86712733444909 190.56746315130127 14.964045017414161 33.65357127347524 655.5161775401851 116.11528065770493 8.184154746897883 107.42448610801273 101.1263662694399 5.218784934368494 56.25583134793189 35.89161266609424 51.5962010327911 104.0491022428715 6.548686330656436
4.6093730484271696 3.9098314810272865 60.26176238541628 174.90293186595682 181.87856229371488 11.145728450121123 29.11914151929066 45.48554107606367 129.83451498279433 195.0824020725659 21.803647900011093 3.7482695559778296 45.49500856323362 23.496240393111545 12.059265322438026 346.1499180292206 5.475267329207492
43.73089974971728 46.129560938698646 15.702110577711565 13.232947535514793 44.097101158009515 224.7033958345329 8.689660634356681 30.665903872926307 4.355860006480626 55.325627195776114 17.274117110174437 366.4379677770902 44.86871447277714 4.123720342434397 32.39002817233368 3.8433134680335153 5.915200542256882
54.70544898621609 54.355359370220455 5.577391715140122 56.25583134793189 41.185787433358826 52.63465741731317 36.06121105061602 34.79133974645906 34.020131473821884 5.073370123207338 17.59644771728729 34.970874274511786 159.3471860183325 19.517053466363713 7.861045120665631 34.970874274511786 4.7024018405517545
126.8331472285233 3.1614193543016103 76.26152425846028 31.60987307039648 20.380325969825478 29.842599301473157 13.051341265274461 130.2616150476492 76.77056191909571 6.829699781836004 101.78712655569377 9.179391869986183 8.457144227145731 24.247279806250774 82.6581116515278 11.556650182123107 5.239964442586989
5.6614802731729 21.947787621157772 5.9799110557983 74.96936926996551 33.79854610471726 48.07649988109859 197.9258071427854 22.421023941379385 239.4424007839901 41.31925299229061 46.36773484192205 17.606935610939278 26.105455069119696 4.112344649029376 39.46143654205573 93.35624525899136 4.617717175016311
45.992974018626576 61.62545182555169 149.18350990970077 5.796239668851748 12.511657917529627 42.54729841500903 43.61633344581338 40.728857875025604 61.360971085807144 16.24262354437846 25.050272757525747 39.42581935170886 8.395985419517483 92.63422197590224 70.81861311478097 64.16549515994444 3.9869665220711235
118.08791318450679 171.40858138337038 110.67813475698065 55.51570454872685 275.3421752172221 152.5613309368783 99.8573193676213 44.06585884071489 182.13797365869925 4.963487182990124 160.20370683737085 10.60185636170422 114.93542079521967 167.6626427786792 35.19133715161937 25.416608409645452 5.115501287791907
24.786220478494048 19.66692109383089 3.449677849851687 3.2543441776509985 6.434039207135884 4.59612413226729 16.28972227289085 58.352583639855354 13.237156644431154 9.480676030472484 56.25583134793189 61.269688424837014 22.530130659001596 24.17044639975427 35.75811543129318 3.1853566567355105 5.760018770937282
58.89695525536435 30.231637972390388 18.669316278648378 19.25477129727782 5.279722843456607 38.49584697606156 170.24800727324552 32.815489855104374 2.7760216834740694 52.43270844042399 155.05165213059155 107.80612818527761 30.424938193942356 152.69099713778579 3.8433136290486583 63.25339825339091 3.83039723961317
5.0202494674848275 25.048122764408543 9.881534756983637 21.49835077091453 8.954066528099935 39.581727311364105 20.728827331016017 65.54300638708666 55.325627195776114 6.040736791579096 34.85180700154638 113.39314187577043 10.50950256016754 16.851738524518158 59.61286239641396 223.06413338944273 5.165100845865167
28.925111798139866 16.248597132042917 57.33258964372064 16.851738524518158 7.0243829880854465 23.482547806385135 31.2899417707812 3.6022589355982153 5.600092472156894 9.927951067334382 23.03943955239729 19.564559504585443 14.963012524437056 90.91802364156744 16.427176428629505 65.91846994312122 3.5701699900427584
16.100550144740225 49.69027511044485 89.27991136733311 20.330363747990337 4.600461776357131 15.051670409741012 32.99533814973634 165.58766609051574 23.76497299506652 131.9182681404386 2.9501855328654725 15.110825748944544 18.085048120837538 5.87554059784928 55.6700252226395 17.26412892561054 2.9869282221365006
61.62545182555169 56.25583134793189 5.744736093632988 35.19319374671276 5.5409984345691345 4.537173395766814 34.970874274511786 56.25583134793189 19.395139197454156 7.990241269867543 16.81815141028217 38.618434875056515 133.3967436234474 19.982728786285897 61.62545182555169 5.462793625361828 4.15184659647636
34.202276867485935 57.5770560893658 11.66729376977698 38.82585651525957 97.89201647584001 7.43266279237685 57.98472417858994 21.331538922006377 29.695466847502725 29.806594217761365 10.964445015864136 11.898008869439431 26.946054529805266 194.47340264715393 76.09283363006526 75.11463384056886 3.0084323235639845
10.982755229327553 107.66030326398203 57.180186123414266 21.5778599252625 25.242772531851237 46.609951654821835 19.784337981648036 33.9006246820313 7.1446907651261515 24.817838948122542 155.05150862401342 111.47337760943168 44.4459658547381 126.59253813876695 218.38947426129536 102.54679604615255 5.250482147054927
3.2390878486276296 87.90230425631385 44.58111952219507 83.09533013797859 24.570985605943047 6.8059493446887025 13.602476872395819 2.3456048757261447 17.757801518835116 16.851738524518158 7.40277854210685 69.98150185089547 17.72245487416002 5.823160759765242 4.043893173139642 32.5084790812798 3.4708501208722002
161.29168817501795 18.8288639428608 6.4425234596917385 22.977076741964904 75.57674864655898 55.258133756071715 5.634757567391841 65.91846994312122 14.593268377558518 31.229900773341104 3.9034730899216212 9.362498309786565 27.272987855756842 8.481250632607866 16.851738524518158 20.64661831756892 1.80483952222699
5.025399633655189 24.1484511588685 64.03728078591142 16.851738524518158 16.427176428629505 2.029646438271901 18.557571789609657 5.822101781820088 39.70878071458664 21.538513170695396 55.325627195776114 19.314022412824805 49.3035085215615 50.9968469631679 38.03239096228195 54.67725129376875 2.42280652369636
8.045094283857972 8.863428984753956 207.02463513950184 36.375088490559364 5.745808592201272 37.84831787325511 12.937776495978238 1.5063302316660838 30.458944007912226 5.010304474344229 9.435819603711288 160.37553234069995 28.955404324293323 16.851738524518158 44.38284690098645 17.34451876032966 4.0117851206892725
37.605373752369694 36.368530385321925 5.8827077554447325 16.851738524518158 25.618896098038256 32.63223710871748 49.363198245336726 5.773798058677429 3.4363351235632846 18.160643243213755 4.038372152469095 12.20665426103603 17.18406178079641 63.346231580716434 50.77157074050814 29.15579300904734 3.2724266005107054
2.8841732420061077 16.851738524518158 5.003740573771544 15.918511065650891 10.50831093623074 171.51384613258284 16.427176428629505 161.88321646894306 12.798751165875307 6.725332622860572 21.258926534419015 57.339857188290225 48.26862130296201 187.69229358154766 230.21604926344696 32.58474511581834 3.014994299552055
62.19359917539783 8.788670269941877 25.51993496197374 121.86199508879419 192.50285870273044 49.363198245336726 33.10346777035913 67.46668312317976 65.91846994312122 7.254539232197351 89.87930479610404 30.985178110737888 5.450402291932288 123.65374838204079 56.9370229362316 4.063946615072212 8.18874253814928
8.315420770062365 17.080483596155723 5.292980374956014 5.091599111136487 54.298148106218726 36.02743143216568 6.038416993834232 63.687754422674395 60.067656083049904 59.372434721412745 5.181878829407121 6.670662222264456 82.87790497551667 9.517169116470939 24.558723380660304 11.896940329457685 3.3003763434912172
199.58920446620183 4.485032352838804 5.98468967812089 33.497897265651 49.363198245336726 69.42461494729373 64.85506164377848 67.5639194396721 28.468717471802794 5.070059574633094 82.02738653756992 14.763508549281338 28.665542376513283 87.15341184578133 70.20541329280049 10.699747528722867 6.664337591935528
6.674089438663544 38.23810415423659 71.2808307605519 18.32274260713666 16.851738524518158 20.18469322726341 50.11771375506379 35.898561870829525 86.36835081489849 14.707188618680654 18.391094334082243 2.5855520819262385 65.91846994312122 5.0375927553388555 48.073912556343224 19.380629589551518 3.8921813992954717
16.851738524518158 15.167981190321074 30.58619638401758 1.2063005094062393 21.26585788009661 3.5207841126606625 22.225765223411784 57.7246717235732 85.9126829043535 49.363198245336726 10.707361601233876 17.94040567871558 66.82434252858594 29.416050454076274 3.500260808883185 147.4647883452076 5.218935828732423
5.392869299121572 17.883674540539946 10.194720085936183 29.810864455205103 10.565478240134366 11.435442097013048 10.385974093160955 4.243548316990166 42.93789171513833 13.7613463801059 34.06344071468845 27.62983086757381 12.45714437778758 9.71321916912494 54.427508550247495 11.768877263776503 3.1946108971279803
26.213364878734332 13.462102050003859 29.670788216146764 1.9999843196288816 61.62545182555169 8.731840429387253 5.796155382792874 45.496074326733414 59.74315340271146 568.7515202555481 103.24999142879871 146.64335841657473 5.149567770924973 42.49551343264319 86.70488954406528 61.934179902264056 2.510064019326568
8.863472239136769 32.23256711095045 1.9195553087595085 2.118426088204361 14.723191194169255 27.79307184981688 10.372852784312181 5.945155789903101 38.282771724357296 2.9390272010799805 8.052781263124265 52.8316826521434 28.400059671873485 11.398838134311946 27.594307171323642 19.076414352809145 3.985082881369251
38.106085142183865 4.793083465911637 9.391621279262605 3.459817646206565 41.72040170038197 9.257559713217317 21.936138349928616 39.12611761646729 20.49382614915766 41.31925299229061 5.009221081540571 152.91137860468322 12.8924954833395 26.906919936228363 60.7298793616736 20.188570046495286 3.6460539655276807
43.899584026646416 20.176208872589676 10.411066886663138 19.127962891421127 3.7359316364368 48.073912556343224 17.17098038616193 49.363198245336726 46.26822400933568 27.288282947525083 11.968201865045554 4.4199419007077045 103.90298569859206 64.99667580530432 62.90835031746257 45.723566502495856 2.9865035091361105
4.74082367523082 13.878641502068236 70.28874676181967 35.21613052428983 4.123749804047221 54.37272367057989 85.01238900646239 6.174848874991583 36.45152217928238 32.84084509771461 25.32820549257474 127.3197810823871 4.420169191120049 82.3818804707112 80.61190140490366 10.117056325643011 3.5512273538392614
4.075386148521522 27.72953874607656 11.188687673665273 335.56747589511576 24.812495354492324 48.80141348614707 29.63358502120332 11.535248108747982 76.77195233328338 11.004164201136515 16.851738524518158 48.073912556343224 28.03228775243446 24.34512186285654 97.14358632265245 49.363198245336726 2.1082403116922244
276.6139644640926 20.982241307732682 95.1964031317706 12.512404734843665 16.851738524518158 5.076825140546499 11.747693813567475 2.178190265223119 41.78835953424717 19.90515566449863 14.128365473309717 143.1990823571784 19.904402725521532 7.570098471073426 2.115601873207721 24.173693064030502 2.4257356874549783
67.59713268244613 33.05312686254627 4.776188483237443 19.635884719378424 5.185869529673509 24.711000116970546 5.4493709589791886 19.11600950976755 16.26977331397959 62.46527617642274 112.71874489096001 9.276205350205643 56.801800421190684 7.807060293620977 160.20370683737085 37.2683392974567 2.1289421777222692
17.307795000352822 14.964045017414161 16.427176428629505 25.893035322844796 8.865974504264981 20.122042648030135 8.79402754437824 8.022367250599226 8.243282870308033 21.43109472042946 24.01985679524445 6.698764022517725 41.75418642043809 17.343030154494887 6.504732800633992 132.6635309335391 3.3353717477607736
4.598838565291814 23.352625819970275 41.04725225009069 49.17372125252114 20.679435538237545 14.752588696957279 13.338280338605532 4.13742497017403 105.21133055186478 50.07185874704223 9.032520749204084 39.6606867498139 14.964045017414161 308.7152099024689 5.744736093632988 46.02158055840213 3.4325564733974465
13.753912742004147 20.31303806423306 25.119803411494317 5.197243766525412 16.851738524518158 10.397820923933507 31.433545415037575 9.288044355348974 20.324651514341927 4.5318587958517735 11.156558761205805 2.5549646070733343 10.827628244046702 43.14273381809307 47.1384112286835 7.7078348396753595 3.951445609896529
39.841774721542045 16.851738524518158 11.913535638398958 17.805144629087838 17.230637198592966 38.886845314375876 73.99268424082396 11.999673651334268 26.24654065652186 35.50584722192727 61.91532309254026 4.123749804047221 47.01861193006157 1.7742509668639816 130.40960755011096 2.793534475000243 5.272607590567739
76.24504657454555 30.020489366831903 19.373249726038487 3.6492026592307383 8.192257783563823 57.84789670748607 119.5796265373899 3.572777458407424 84.10795394796918 66.19797898423093 25.70214195962763 16.18898754389253 8.20805804745473 2.543696951571606 27.814033453866006 13.680378125134233 3.2118172353634393
6.997632347540546 22.295671573151047 170.86849564156887 104.27734765883874 48.073912556343224 61.411820679414014 20.894549490734416 15.708994306753782 155.00691492633956 80.9232771350168 46.48507571764166 24.477690549986004 92.78670658526643 71.250666721213 94.42862956644026 61.21961188864607 3.462733735443915
16.2638645460528 4.886353453157717 61.17403574332237 75.50236523321115 6.968229391817227 16.851738524518158 63.68874298089434 18.246359319645023 44.4718408515247 65.91846994312122 3.9219573363725213 20.6683524584486 16.427176428629505 11.992087705026506 14.294761502522118 14.964019018030353 3.0084017459853114
16.851738524518158 11.905901092216455 115.35220506963039 66.01917874501515 6.219571481548387 7.025915280456064 3.0425156180148267 21.748666798265404 160.3315689936917 2.604920846983489 6.207761968855822 46.9963813076253 24.267146789248038 12.81002539936544 87.61565976719922 18.311504154221957 2.0379552157686565
9.520633670252014 68.11055735037586 28.269171163654942 6.843467572688033 3.38411695783009 22.415059997886488 23.947917439132596 12.768996004185992 9.37414030924634 52.00183277683141 363.6288575244133 49.900171389302365 59.06461071662085 51.2536482509366 49.363198245336726 10.408122413233231 4.198420999538157
43.615502038038024 34.970874274511786 30.94123944756584 11.968126310659718 4.876966567059835 10.736326645157948 4.5253205754378865 4.9594500359507006 40.787427906299214 16.803545025465993 5.610448231668533 6.831200073815853 5.724632766763612 2.270025950363971 12.644058243095985 9.554891023526459 2.906207243295031
9.118192789303935 8.798191538348334 39.14337172087759 3.977426238154992 23.80236559882704 5.559232417492689 82.89814477890341 10.259555260287257 6.387141426295906 5.091821687712538 61.35932530180673 22.565617395176403 12.746700665007868 2.48977291144416 11.987153625488387 65.91846994312122 2.221729070765108
59.71514941399536 34.970874274511786 7.890970160390504 41.31925299229061 84.05348882990558 10.766722173540776 27.125598228891032 61.934179902264056 27.791191322022684 11.684844758475887 4.123749804047221 61.62545182555169 25.91212041498474 44.10354086040289 5.26658509772789 15.726916056094739 1.8293812244125471
16.427176428629505 22.916714792195478 23.554507940378553 13.51950767968027 4.123749804047221 12.477288074320214 7.280599610435549 5.44170202404215 53.09939582830005 28.755444188443924 44.090413480263074 25.157778472870493 4.484538208294579 12.798750826167826 4.914085555447054 5.881410053165833 4.179406554278621
35.39522912744303 26.132928309007788 11.310960489888952 5.2465215720446565 55.59707445017804 56.25583134793189 86.67004943371738 38.23965920079641 170.14859002869463 7.991015535068859 15.23623789042806 13.14347940624289 24.08773902832099 71.34248049336915 20.262972071223697 26.662379065961318 2.4427622467760397
23.460579634434158 18.215434308996688 8.18652464291892 3.809875636857883 58.56679298984316 36.21698730528961 25.37784849039802 3.145614795037122 4.913433210909345 48.073912556343224 13.436588764190706 51.348826296520144 6.884688198946402 352.26903315025413 58.0716883271432 108.8965834855675 2.04002637795606
7.354779189280192 19.965956536546976 12.902651161981254 8.693993099269646 27.229763343304604 14.108949502709475 16.06607397549608 5.987087406981328 8.76243700782323 4.504389858879209 12.38850270357776 40.298882324798484 10.808470570662188 58.70595842650571 35.961517016640194 48.073912556343224 2.9145846960543595
12.376547931426247 177.83188444590508 45.973219568045494 171.54661181851026 23.184103800111938 78.06747413884986 16.851738524518158 52.232439499413864 29.092097883156352 207.01537877933148 38.11257401044599 23.45697798057982 73.79632401260581 119.5796265373899 22.480269062223428 69.42710313056011 3.2222896991127614
3.148018968544111 2.4379938258956977 46.94717462027805 28.776259692182915 34.84915078098962 4.123749804047221 100.81602991035325 8.463795843670447 3.364134606898421 35.14116183627283 66.27034438412667 15.712903112620646 14.346162876013416 14.692558102330013 48.073912556343224 29.401358570368927 1.672379156415898
4.612145549894006 5.1862551562602 22.771740388229627 13.010086303937458 16.574796693176317 8.777681739251012 10.74403497017904 9.35633384294066 61.06456202629557 22.616467739359162 14.038247627616771 16.851738524518158 19.241471332936428 55.53599268688341 44.03092366725864 8.048800530400799 3.3131896670885195
7.432506242850343 31.147192624879832 3.8239467394710442 45.02389296943608 29.773090190622206 2.942474217701457 18.858149805388372 27.53762417009483 23.45011564929721 21.467403329500396 84.69299371511256 7.205503808966215 35.35204099288522 5.149567770924973 65.91846994312122 104.99020191324901 1.8541920400090268
32.96591065883329 3.983803222514777 5.970045766142562 15.555923626557576 2.197902838707835 5.122431505777547 3.310740197241437 3.843343720726742 30.881249946037393 6.9334223824788825 10.586365772303985 19.94438374334168 14.123333414606822 35.81410843308863 80.85401018664172 16.25418675272723 2.8043775169292453
112.22110751325121 4.370504009740037 30.873741404403674 2.94144392436824 11.54472300584518 2.499482724849748 7.617257090758932 32.70883367004933 4.893564738025784 4.123749804047221 5.1984729354504 91.49382546429104 40.60736698858267 7.4908007523673055 5.149567770924973 48.073912556343224 2.8116772214375585
29.05982862274779 8.95150003743493 34.66543847523127 29.63358502120332 16.281959688548607 9.95281574327477 3.087655881199699 7.518643643218047 77.70165040613291 3.6560847525214815 33.543264694577886 15.414023909046922 59.74531336465534 15.492855296485983 49.363198245336726 114.01111377179458 1.957298360190827
3.0186380201560623 20.310714141330646 37.592421689317845 47.651318109476854 148.40367778956065 20.15133970855894 48.073912556343224 11.547540309845964 6.792018176382217 68.75534147371378 3.985249640454593 28.608504679430588 9.59007138821507 45.723566502495856 109.1647448637685 64.99667580530432 2.1322222914802897
16.851738524518158 17.224375744442987 8.526279752218397 40.9135669866456 9.905862895811188 15.21964577044544 23.248244507195064 7.798890737124501 38.072943049848156 79.25986239830154 72.18199068064311 55.325627195776114 6.005052643297106 3.1903372753658648 6.528231183857865 9.466976702833236 2.60014946394835
23.03286668964721 47.018313879414954 36.92570269916951 8.01845303108991 8.975278114681794 16.235541586185 30.017987530127638 238.12666234771123 35.133273199490084 29.567596523854007 17.527987519867917 5.417616201784676 17.55942486367037 15.730285877277135 40.6514280761823 5.676663423104357 3.7301969392809853
11.86477259589412 16.851738524518158 9.59330806731706 8.544511707873124 4.471503835890971 4.784479552863653 15.018631649537019 26.314045532349784 49.61485071591279 16.56382353818531 17.656806735191687 66.1188768453332 25.979127924663356 3.521644548918082 21.19839677474619 7.336715909862619 1.8339722791159299
61.62545182555169 35.462884456165966 21.473425600737663 2.6715088319094056 33.32012938963108 8.925469944250843 9.986722602142429 9.053081174731012 25.678689622505836 45.1731286787224 2.562487969414048 5.149567770924973 16.427176428629505 17.50892702492115 48.073912556343224 7.216502034483127 2.421706892066359
7.72593630706649 13.711142392933338 6.739398598775975 5.540020977976909 4.2903301339494995 7.185384199792364 8.413532712505095 20.93836552857644 11.040346641866797 15.129715939047568 160.62276367963184 34.30746445628483 48.073912556343224 18.44099597663117 28.108756502990435 14.789831591761512 1.4988131764507462
4.327361599288466 30.694443784146575 28.45489638053552 7.673406961498381 5.0778521941021335 4.123720533006049 70.48124856423027 16.599367893868244 24.69641751821655 4.123749804047221 5.6783189748306855 11.122171503678421 62.257373368731045 17.85666776189336 7.723769781051303 17.157173605259214 3.3599593932977476
4.539118982794546 5.320685764754417 7.290709898009121 61.62545182555169 14.964045017414161 501.343073129328 9.378656009510356 19.202007997273178 61.62545182555169 41.654036203295554 20.54723906788239 5.188739144632037 15.842867826140061 16.427176428629505 2.4746075785445574 22.87780063001542 3.8382398622299387
20.78522416819894 42.28301769309738 11.565412748060906 3.9018539293634817 16.427176428629505 4.318505735715684 43.98014776424317 4.123749804047221 4.123749804047221 5.746258159138744 4.237019418609471 12.158776814957683 55.325627195776114 23.922790263241176 16.1633303558498 4.163139370719223 3.1051241113353436
4.795942706114888 21.62744438520832 7.200878756742636 6.075015598783151 12.9926893105755 46.21599707235486 19.556954040912522 10.612900030402091 14.481643332751846 6.880382438100949 9.109816064948411 14.401490719451964 55.35169973941726 14.964019018030353 5.149567770924973 43.130410248573064 1.5886954863466902
2.3483011839192414 1.3129561599601556 57.8642844472219 4.96720021528356 58.73852022685669 18.912879458925598 56.22296890289414 17.02725743793437 4.500302216062512 8.099677804608236 4.470586436684385 3.0520563907065705 9.54997579519496 44.0960491414542 33.968910827993234 12.102749998433767 2.237291379404849
3.8340939920683605 34.80641198559994 14.210042906741473 19.9366493282548 6.834594418965313 16.851738524518158 4.476362114227805 11.729739114695095 10.78480299457052 38.380160026631664 3.3791375407049826 2.7909218046838324 24.920736909764685 28.17849733916413 19.717129985441336 3.8752308109531275 5.188110714387382
21.16265962266412 20.616991734873057 3.768181868848758 3.8433133883099897 4.66220653781604 83.16825922685749 5.149567770924973 16.528168377439616 40.619380211684756 9.908811716439159 56.49405383897206 20.814003977556634 16.851738524518158 14.964019018030353 6.018455998246998 54.37683287851701 5.167520073861547
2.199498842392971 7.212354247841689 46.88267083203853 12.269907748573996 5.334305533280203 4.187427142717894 41.30922936521991 12.985763971096821 28.070887343316834 7.929592479490285 48.073912556343224 8.374317231453341 21.81629356309709 28.500051131378186 5.285566887263844 25.763773923477025 1.0931063937551868
30.119729575178837 11.091211152996241 10.442891520263709 13.501671721896395 23.13078740256859 13.16935534553476 4.819012445223016 5.254522205308701 48.26699478318323 62.76554099780829 3.607693861976283 13.044424118633598 3.057971332159633 5.149567770924973 26.662379065961318 12.290385201646394 1.9197670870614247
26.38021251703483 2.5719334727275482 12.925475236392735 10.127781679902625 14.731995352559387 5.8141418890547865 69.706201113403 60.95547595483386 5.394606790797223 2.7616682874121237 18.307869024402432 32.295990654402125 33.388634305568694 18.179546280765663 4.123749804047221 4.165169644510909 1.54956529326537
3.8433137589622675 87.7382839909896 2.405450504771532 50.45082374676616 15.624747799407869 27.648918993297197 4.27547400787182 4.123720426108182 21.527156904256106 4.123749804047221 52.33332354694863 16.851738524518158 78.95120539920917 5.062933070353479 85.49292458489417 5.301463069363278 2.410573804236682
16.851738524518158 4.941658537690433 10.10329485416495 17.69811553483559 17.5257982855412 4.537672194588175 6.781934115218745 3.744738526281665 16.427176428629505 18.025551107267464 33.97219054447823 5.08221220877561 29.571778673459406 16.427176428629505 50.253305498067505 19.370540875991843 3.476820204785857
14.78474234969247 4.652059700952481 41.25905423668629 21.132797029496885 58.89884714195273 4.29111184867099 3.8565960175523886 3.004672910748646 17.072134104516934 16.851738524518158 29.571778673459406 23.75342171842171 46.21190135822517 49.36620736212527 3.1335817556421404 16.1633303558498 2.536702153972753
4.123749804047221 5.657108548455701 5.453001696244053 4.123720910844617 4.123720533006049 2.9145014341850226 5.180515919911502 40.63142433135411 47.45015961042058 18.210801299559733 56.15183491326678 67.85803995525278 41.31925299229061 21.979552678650236 34.970874274511786 72.5512428928951 2.223079372768123
24.688935849993534 26.285980353863845 24.451176311394107 35.330028691266904 17.28268243919206 11.455845916847604 6.590693298192355 20.811734572922962 29.17236267739283 16.851738524518158 12.045535887876673 49.363198245336726 73.20511957934664 6.052562607714373 5.444709041240666 75.355971443561 1.700261480961368
20.80272232376045 4.539841096430866 4.123720533006049 24.807660697657028 6.981756969192271 44.24602426413391 2.957662936957365 1.46117949396268 7.94614161272115 3.4298359039272692 68.39246609593015 96.29533616743599 16.851738524518158 12.252375943454576 19.67127624559522 9.976736407617784 1.2830059751913478
25.92710626510821 4.125165482662392 5.997609469399098 3.489152917607543 2.887282135000433 8.197168600642746 31.802555899600392 16.184842290674116 3.245159730260833 150.41458885435233 31.983246029655625 16.851738524518158 119.04611738607532 62.51734503887922 1.907924390329656 36.32987879088916 2.6834381488781376
12.676464208640866 13.093669401840456 4.123749804047221 7.056761826893666 16.73132482669006 8.485646536870979 17.301812328664855 135.47693067883637 39.59329830348039 49.13525286336761 9.532877603382085 11.48235105135826 4.123720910844617 99.6116458107831 4.270903159428209 78.97880616250137 2.992314679852662
35.99988555814563 12.435597564684521 6.68751409458163 6.578860119677276 19.85621913039923 16.851738524518158 4.2195136058631855 11.746842566049597 20.625025759361332 14.55553343061528 11.310960489888952 16.606350285334823 4.394598483513783 14.84555755153558 28.55263283590831 5.149567770924973 3.321023093857987
5.717611032771919 12.503461344594095 2.784434888748963 28.7819716639003 90.62457989574213 42.37160184322711 3.843222498841446 23.11675194471012 56.25583134793189 3.2158443276560296 16.847156201333647 48.073912556343224 19.25816586510601 32.33266484422011 4.123749804047221 67.89981100188906 2.1240288131588256
12.074289773260706 10.109530758181217 49.213965316285304 5.1224590968895205 82.76515081489207 14.31617580023322 19.62350122234865 5.295743803596303 60.88525666199223 65.91846994312122 77.15497650043133 5.149567770924973 43.56577893112246 14.482049942270523 44.08225000999261 42.288139562009725 1.7646274372185848
15.779596745933596 4.826147942583622 31.60123181069307 42.4209136664661 55.00498761282367 12.064945253762758 38.710202684127005 9.943092991497908 25.388667797551566 50.079177774274086 5.8438936416038585 16.107726806236975 10.433058381722823 6.003213111009636 23.232226949390878 45.46550007005612 3.336072774347347
9.413168979458979 4.94316135802647 17.606510598536822 13.587723393517255 61.81622951450016 33.16342476317727 4.47857283757224 3.703574793060804 3.342557430839247 26.92403573901721 12.224029811702605 53.65316232127065 75.67085114140576 5.218298041574254 48.073912556343224 21.978798564475458 1.550421025553203
29.017329284255975 48.290036354236 2.9885511845542454 3.6036434528027605 15.960001551427576 11.91376347426637 4.123749804047221 27.704088632044968 46.015237153370165 23.11371467134717 16.020065860950798 16.851738524518158 46.88097439293364 5.155375911164945 5.803234670423756 3.851518579439559 1.3378016957742365
7.294985846945556 3.4661142419257196 9.440943610638305 20.710944199343647 8.507211375937693 23.698096302506613 17.73901141998705 15.875933498906447 4.287697146471163 5.800542958925452 60.19178453522473 26.132660071845947 25.294687204843065 48.073912556343224 16.816796676189337 45.06644449728826 3.114448855648691
2.8741833646243165 4.1237200785380255 16.851738524518158 51.752197460136344 4.457082790502921 13.5606618958038 9.856117449588961 12.860235665090421 32.961264571651995 8.58346970506456 89.21990215184162 21.784027634133192 15.306479613680882 15.384916864286394 12.44308407878589 5.149567770924973 3.3232360670746313
17.27860545357932 9.077358786729187 22.715552918794256 3.123753971109259 18.079659880868967 49.884639905781775 7.6497490610525665 8.990166953526243 40.68662353502869 6.636744435190267 20.10871551162556 10.50950256016754 47.24787257157143 4.123749804047221 45.720211668108874 44.48515235835999 3.310459991974885
54.81116490828568 16.245582556881182 29.571778673459406 32.87986208473717 3.6302096133632116 14.321963329555093 23.1331220617829 10.844839110862093 74.4543789437327 43.8264600102753 16.851738524518158 15.130633537408983 41.48269512324336 16.1633303558498 7.688995984917644 48.94581414495544 1.9785564536114522
24.003096862940026 4.564643844086804 3.0658736810840876 10.341610671864224 3.843343720726742 14.83840567982182 9.231181293693604 4.123749804047221 13.949334787024897 5.149567770924973 4.123749804047221 4.123720533006049 43.87095641316288 3.3538262066593334 90.14908773946848 20.198447458787342 2.0174917596886486
4.253373547069901 29.668218468967904 3.3032342168592264 4.699785845223315 21.1513121757594 3.8433135094509794 57.55580550974456 4.273212977748408 4.985119833686445 19.869931688873667 51.37295290233017 5.198207013713479 56.280287859256994 5.478713699453382 4.123720575168586 4.765086560624694 1.6111862126131884
40.79685977931063 3.431465360552875 5.721603889646574 4.123749804047221 4.23589483931859 3.8888416938553845 25.48706073201581 70.80994919228601 19.506060814233994 0.881525392943108 4.018802464821517 17.509158906973543 3.9685395176147527 18.4327810698635 38.833857169533466 18.104457037594493 1.6113400516171814
8.608608156385413 64.09799598308157 14.881781237512868 4.808810291593431 4.736902468564175 73.38441573675685 5.231335941079638 6.370042894376899 16.427176428629505 16.851738524518158 3.301123717121029 44.79761431447141 16.427176428629505 15.348185571465516 3.521150240788442 21.917930431244333 1.8858781727460738
4.172709018818381 5.149567770924973 10.2994598243331 14.228951739083834 4.1237200785380255 28.294762994165175 4.25015163670426 13.487852010339592 5.656405626005414 4.123749804047221 4.123749804047221 5.481336699697959 4.123749804047221 5.149567770924973 16.320129564863567 70.87726033166155 2.6792820302423426
12.38080034820235 4.123749804047221 50.78881390043998 2.8074913576030633 8.052945482133538 3.395975674891393 3.784423330870342 26.41864722590359 23.20319146144755 5.149567770924973 4.123749804047221 4.550819926502591 11.77900388404753 5.149567770924973 5.417616201784676 5.388750592124837 2.4829225130764945
35.497168860121725 3.843343720726742 8.721592383144749 4.6156587418904325 4.245187936507816 41.31925299229061 56.25583134793189 2.8959777671162663 21.23305354983194 7.138821758855408 5.417616201784676 4.192425029338292 7.693878353225162 5.149567770924973 5.21000842083785 5.208272941360741 1.7970247413265974
12.232859501147319 62.06292018001294 38.2735182499593 4.123749804047221 3.75021674428815 49.11303598553943 40.379930791601076 9.178067979560012 28.03107631069213 28.037428304883996 5.283992513778455 82.3929675797511 53.40207244225757 4.088658808539086 14.963012524437056 16.851738524518158 2.0333188175454118
3.1240973756445394 38.56244948173602 40.588348147272505 5.702041534079977 14.293288216432705 29.08267255436605 8.779224444612115 5.196879386710917 3.8794191576885564 15.976841881148333 110.45358553368852 12.071309290863095 481.67323274603785 16.851738524518158 9.744791995084853 4.002222885486486 2.278854160424153
32.848600862738046 17.406132515566245 38.49763543889758 33.74445389159505 6.656420970887986 11.376959370494138 123.18644912027045 32.014932644258444 2.6740237959351267 25.204545850464395 11.131159931852524 31.96992256296966 21.59523271862615 30.445457307677163 11.748597498841757 16.427176428629505 1.7174209447632407
26.4277794845778 21.148347540984695 7.4876358374493925 6.5171088749357375 8.091853517836686 65.09946213494135 17.818259129438136 33.107408634527324 16.99870922712809 2.155889554313632 4.040113592039502 11.602726311735687 9.131729035125705 4.857372269249105 4.151382302533146 8.758173078837098 2.111605889765666
4.123720533006049 12.234713557944927 4.123749804047221 3.2432031284087617 8.838715955081463 20.55295871807351 5.037520218329165 5.149567770924973 3.8433137589622675 11.32793491072376 25.77443664835797 11.813767554602693 4.123720910844617 2.9671166074875956 55.325627195776114 67.46461610529956 1.6792751677316797
21.209854295218786 4.1303928562581325 2.6414320648149823 6.434985671737099 27.361931009177024 28.627885483123144 36.92241486029411 3.8433133883099897 3.8284734072411046 12.219934362488297 52.192894694332935 21.60774423760139 18.526506895386092 13.123884122308187 3.3450443005066814 85.79202193708286 1.4396337189980932
12.103542339174327 31.651135522035904 4.722617493813077 5.0700309834677935 37.0472816712415 3.8108861648851544 3.1859069068725567 3.847037195365812 5.296791972185458 5.149567770924973 38.3707448047818 16.1633303558498 5.149567770924973 5.417616201784676 68.74353737029762 8.817924938753627 1.7975436563226155
7.35977542273024 3.8677683842494375 4.123749804047221 5.149567770924973 21.434806385849935 4.123749804047221 16.851738524518158 55.325627195776114 4.123720533006049 2.767797771694684 20.483826379389786 41.43569182782153 19.929720849700168 23.924577784069058 14.343627828233174 16.1633303558498 2.3927708800654686
15.857142765385897 21.55314613719909 2.4770649465195653 4.123553416682228 14.39062739652171 5.560117163316035 3.7713707196109265 6.076246551895976 54.27169557191867 5.845330647725242 5.774629504662721 11.766864454727084 37.18117477376408 5.249902709729314 22.602248115121142 7.498053676792732 1.3485071478278128
53.22200137080586 23.13009706823679 120.54309696908766 5.002120625330647 86.33667541279831 25.74343917256384 86.36552418932527 90.60491885669188 90.26717638357657 41.319253147517706 54.316407522483885 16.550550190890988 26.712235875963074 132.49830719134414 48.50959442232788 43.479465337874636 1.7517101497516743
19.71890663462401 4.123749804047221 3.917653800734335 16.32721678094393 3.843343720726742 19.26867539346946 4.123749804047221 7.104333956420393 17.77948758415655 4.123720533006049 3.843343720726742 34.970874274511786 46.59741052204776 11.754952685047895 14.963993039323093 5.1749124272748865 1.2462364937143897
44.21926041472875 23.03465429088546 48.39240157513256 8.604449123580876 17.74230493417735 43.596327738013514 16.1633303558498 57.117656236897915 59.78460845521411 10.917665173066549 67.01013957048798 16.851738524518158 10.109142261124063 6.599478664392917 6.532905253186783 23.52173250486773 1.8722008333421118
4.123749804047221 2.188326721063685 3.843343720726742 8.972038980063806 2.7505802476240153 45.56796046108547 3.8040392728228714 4.123749804047221 4.123720910844617 16.851738524518158 5.409636292162648 25.591968898416876 7.456873425476711 14.19497044707948 4.002350533755797 4.000316916104971 2.6991337422003867
16.851738524518158 29.571778673459406 15.230281979030035 36.626011155190284 19.41419712875946 2.6425537739381335 92.5245185170033 80.6531113113685 30.694817467232944 14.077526155794477 3.843343720726742 9.755123760645212 10.67723116670402 9.196919242313095 53.70716256994609 72.63101149310938 1.4956329816949008
2.632656712503331 21.780809867365722 3.843343720726742 17.697386393421453 191.9434973274689 5.417616201784676 1.0891019251620917 4.023677294091236 19.128852763028764 10.108930577805294 18.465380515819543 4.123749804047221 4.123749804047221 5.149567770924973 13.736596759282675 29.571778673459406 2.5794522363260377
44.86559524661406 16.851738524518158 29.958020856657342 53.448104518300866 11.289038487366836 30.225355132489177 20.16392382284492 14.569960597989466 54.684146852908526 11.404312967807664 89.36826984680636 91.07388676255992 88.56204095224335 48.880600884741085 9.145990941009188 213.72282924623318 2.267261832845653
5.077679759737751 3.843343720726742 26.231260568032365 17.68505560154931 6.286859813486644 46.81048308562966 17.276130903319647 5.633289803328957 9.68572833769458 41.730788276160254 5.417616201784676 18.908706856862025 3.3316753130322905 5.149567770924973 5.149567770924973 16.851738524518158 3.023058048959453
3.476462025863401 15.21964577044544 3.496442903879789 32.745968753862634 12.332807342832108 37.612446618296744 9.70334367477472 168.33932944179872 25.515431375763374 14.658793124251615 4.825503803408975 5.1054990227470425 17.266096532875896 103.36639773289536 29.287695007906702 16.1633303558498 1.285324554338982
38.7364815410902 3.87661674143328 44.04282784696137 20.900416217879254 48.32148329266344 7.185366627622166 37.69672470405923 16.23764077713406 16.34412405115424 32.53564079668901 16.427176428629505 19.26869618312871 11.983451475088696 49.419114436968755 7.021410718207024 4.123749804047221 1.660530648134322
4.063349256383499 5.8421622015095975 32.10256607716235 8.695818427352974 4.908520235913465 18.112016156870784 5.149567770924973 50.58000775060441 3.7702551262078146 20.982394841641806 5.1966262578464635 26.17764392853907 11.884107739461813 52.554251058043924 24.08944505806132 40.79611220402598 2.8048076132792557
29.571778673459406 5.553312699018756 2.1152079395010888 5.741286294349283 39.51047072412933 16.1633303558498 11.907361964798458 16.851738524518158 60.00778069772516 25.584191920299432 5.159483706115885 2.184690663513276 9.549836255750424 14.964045017414161 14.054530408160481 18.873000990653996 1.6672884511073334
28.69927835638258 25.43603555073843 13.749889435749486 12.18421956744378 9.247746676474401 8.704832164441664 14.09992218181171 54.0466817461263 9.67927756195432 151.2203653981219 35.831222422270905 49.794840757818925 10.943643240663839 13.84901567779603 23.18196299578408 30.032192208051942 0.8841060322453829
3.6059498305814404 23.1705828522327 9.105160161415158 7.521328154886751 17.589464515384016 6.183427732862219 13.77881282098266 41.31925299229061 18.290854478905132 5.149567770924973 5.149567770924973 30.234209956806353 9.005987994235786 4.8880800389371935 5.149567770924973 37.40469305037404 1.7911489301570847
4.123749804047221 11.538410136742181 4.20124990342976 34.29909783714982 3.5492348416264963 8.865974504264981 5.238852849757812 10.861077684835735 25.32102646004883 2.9764610362425388 9.089967838956062 29.571778673459406 37.255953740103685 44.217868545341425 3.115441971084753 3.600327169562931 1.51296366155061
18.87656525766813 14.185487907569058 15.127781483996744 4.123720910844617 11.895097769051707 5.068193688930112 3.059404224437484 5.41386800915838 10.935380119461282 5.176175464386344 8.145140737627914 38.480439780255445 100.90282949204857 5.127578034840365 5.015896190953328 6.298375664131507 2.8612794630733203
13.667754781613267 11.878562699656328 2.6795767786886717 17.45471009679065 34.970874274511786 60.264184405877856 25.820635123977148 2.313888212813933 32.40693545018908 3.8433137589622675 4.771365973205013 57.426060514727105 6.141230783534186 3.1876293034658296 29.571778673459406 13.234792705315526 3.0738086956416537
3.188133670653924 11.466128284173472 34.398744001617914 25.214480699664723 16.19523964395757 5.409122516315286 3.4232400987710836 5.0480264388793294 17.622578574182004 23.948353401159594 9.49773699584232 4.8684238057779305 2.850766985131524 61.62545182555169 57.944436103230935 16.37577413498481 1.5624610286180363
2.1686220188938354 19.055162912947036 16.1633303558498 29.571778673459406 3.9904559471057968 11.247662632084037 31.79274535877626 6.730166536090068 5.149567770924973 16.851738524518158 12.44006734825215 5.149567770924973 8.803989060676786 42.80667841978792 14.583543906795022 13.480858455294722 2.964862212895373
4.851759644113277 31.795871463682555 48.13669232573972 4.585782825902354 60.330270802865634 22.684779238967323 11.141760281573369 22.72112912123523 39.843894752538105 61.62545182555169 2.703333768137434 48.073912556343224 5.417616201784676 15.305792155186152 38.15714678784444 9.274463229584716 2.0459842740687644
15.133344542553699 28.786382151287967 31.41639799021056 30.13212871325035 12.16973770849984 58.98537177542694 8.842498601525444 32.619292303975996 65.3829389829676 88.01859454093292 132.29316883335372 25.65022873746475 5.286330567854189 31.46662128098619 81.52248389713678 27.958756849557734 1.9908257734137045
4.123749804047221 3.84331344067876 44.25007346628232 4.123749804047221 23.4211122835728 47.576644463910206 16.851738524518158 31.14483520768675 5.200457394676887 20.631405566436037 72.94240873738862 41.87632528952776 690.1903285583235 14.316213707289466 5.149567770924973 32.82548579332409 2.2359279137716657
21.100065918859652 58.13316175031854 65.81120815085859 26.972211127402975 8.406308712717522 10.154008658795975 35.41036702480288 21.532158262455464 23.968257915634684 2.5002159309360845 15.890100218774778 16.1633303558498 21.532712606332968 30.619078772679362 4.500059283383317 3.0370266622453044 1.7020523141798218
6.486508165589114 7.453028403914369 2.0710327288462818 3.843343720726742 27.5134726061484 5.730090682804662 6.097231950248444 2.453410017625171 18.37740635142322 6.787044853499426 15.52019570138752 4.123749804047221 5.9991567528331915 1.9613865869185554 16.851738524518158 23.90430345920127 1.4170179445282356
3.3555909799846364 18.8488055527323 16.97985589196176 3.6560847525214815 59.854508765964624 3.9245489732863863 4.123749804047221 21.578592594069153 1.9434614235528496 4.66335441596132 65.91846994312122 16.45685435412772 16.851738524518158 5.149567770924973 22.72316149238303 25.250543785974465 4.643713290161888
10.66055204696897 3.9166690965356747 4.134295215377229 37.93345710419257 5.118472537138473 17.868008622821662 34.36217077286735 47.027935607040966 19.655036480631754 16.1633303558498 10.50950256016754 9.057861613526676 15.21964577044544 12.151615194165652 8.964051521671808 15.869369673165666 1.4810712967930841
4.999105209532939 6.081579733763034 7.009694502831615 7.98771821481994 5.149567770924973 16.992141587156134 5.149567770924973 11.260573023949993 5.149567770924973 7.103932840275545 23.655839700290034 4.2680326284324 27.966748064121646 32.677039886035516 5.051982590865177 5.450222175553303 1.6957614004285033
