0.07960182428359985
0.16680805385112762
0.26224440336227417
0.30177196860313416
0.415237694978714
0.467532217502594
0.4930341839790344
0.5055574774742126
0.5233961939811707
0.5426734685897827
0.5644910931587219
0.6139510273933411
0.6646649837493896
0.6811593174934387
0.708350419998169
0.7187519073486328
0.737910270690918
0.7459893822669983
0.7537680268287659
0.7592591643333435
0.7690786719322205
0.7816982865333557
0.7762882113456726
0.7930623292922974
0.8155738711357117
0.8139692544937134
0.8179441690444946
0.8154903650283813
0.840831995010376
0.8464301824569702
0.8188173770904541
0.848269522190094
0.8558463454246521
0.8543294668197632
0.846997857093811
0.8568467497825623
0.8605546951293945
0.8468323349952698
0.859955906867981
0.8673021793365479
0.852924644947052
0.8697621822357178
0.86581951379776
0.866894006729126
0.8777266144752502
0.8512133359909058
0.8633762001991272
0.8805317282676697
0.888297975063324
0.8858639597892761
0.8710016012191772
0.8734323978424072
0.8937050104141235
0.8885195851325989
0.8934739828109741
0.8776779770851135
0.8929494023323059
0.8913506865501404
0.8932894468307495
0.8949834704399109
0.9006720781326294
0.8949713110923767
0.873294472694397
0.9004412293434143
===
0.12368673831224442
0.2137823849916458
0.275927871465683
0.3547380566596985
0.43287473917007446
0.47468194365501404
0.4776678681373596
0.5087012052536011
0.5197851061820984
0.5416265726089478
0.5746902227401733
0.6399935483932495
0.6799187660217285
0.6695439219474792
0.7016969323158264
0.6961299777030945
0.718000590801239
0.7471877336502075
0.7552887797355652
0.7530352473258972
0.7685535550117493
0.7763674855232239
0.7873679399490356
0.7758196592330933
0.8102248311042786
0.8132287263870239
0.8244606852531433
0.8272178769111633
0.8360807299613953
0.8329805135726929
0.8394578695297241
0.8358474373817444
0.849480152130127
0.8219829201698303
0.8347105383872986
0.8498499989509583
0.8375350832939148
0.8444384336471558
0.8394719958305359
0.8046989440917969
0.8531444668769836
0.8670887351036072
0.8134689927101135
0.8732250928878784
0.8734447360038757
0.8652230501174927
0.8775460124015808
0.8785692453384399
0.868654727935791
0.8484100699424744
0.8602328300476074
0.8765360116958618
0.8283275365829468
0.880587637424469
0.8358630537986755
0.8606255650520325
0.8814221620559692
0.8846259713172913
0.8823227286338806
0.8718606233596802
0.8956850171089172
0.8980408906936646
0.8819692730903625
0.8942516446113586
