0.07572115212678909
0.07572115212678909
0.059495192021131516
0.0625
0.07391826808452606
0.09134615212678909
0.08293269574642181
0.09975961595773697
0.12319711595773697
0.10216346383094788
0.17548076808452606
0.18810096383094788
0.2109375
0.21514423191547394
0.23076923191547394
0.2475961595773697
0.24879807233810425
0.26983171701431274
0.2842548191547394
0.2974759638309479
0.29807692766189575
0.2998798191547394
0.30288460850715637
0.296875
0.3311298191547394
0.3804086446762085
0.4092548191547394
0.4164663553237915
0.4224759638309479
0.4368990361690521
0.4368990361690521
0.4501201808452606
0.47536057233810425
0.5042067170143127
0.5180288553237915
0.5246394276618958
0.5396634340286255
0.5474759340286255
0.5510817170143127
0.542067289352417
0.5384615659713745
0.5456730723381042
0.5709134340286255
0.5540865659713745
0.5450721383094788
0.5504807829856873
0.5631009340286255
0.5703125
0.5691105723381042
0.5775240659713745
0.5835336446762085
0.5793269276618958
0.5931490659713745
0.6069711446762085
0.6243990659713745
0.6364182829856873
0.643629789352417
0.6658653616905212
0.6730769276618958
0.6875
0.7007211446762085
0.6995192170143127
0.6959134340286255
0.7055288553237915
0.7223557829856873
0.7385817170143127
0.7457932829856873
0.7457932829856873
0.7433894276618958
0.737379789352417
0.7433894276618958
0.754807710647583
0.7584134340286255
0.7590144276618958
0.7572115659713745
0.7554086446762085
0.7560096383094788
0.7590144276618958
0.7668269276618958
0.7698317170143127
0.7746394276618958
0.7728365659713745
0.7734375
0.7818509340286255
0.7908653616905212
0.7974759340286255
0.8022836446762085
0.8022836446762085
0.8064903616905212
0.815504789352417
0.8227163553237915
0.825120210647583
0.8287259340286255
0.8275240659713745
0.8341346383094788
0.838942289352417
0.8455528616905212
0.8461538553237915
0.854567289352417
0.859375
0.8671875
0.8731971383094788
0.8792067170143127
0.885817289352417
0.8918269276618958
0.8948317170143127
0.9020432829856873
0.9056490659713745
0.9098557829856873
0.9140625
0.9194711446762085
0.921875
0.9272836446762085
0.9296875
0.9320913553237915
0.9350961446762085
0.9375
0.9393028616905212
0.940504789352417
0.9411057829856873
0.9447115659713745
0.9459134340286255
0.9513221383094788
0.9555288553237915
0.956129789352417
0.9567307829856873
0.9585336446762085
0.9591346383094788
0.9597355723381042
0.9603365659713745
0.9615384340286255
0.9621394276618958
0.9615384340286255
0.9615384340286255
0.9615384340286255
0.9633413553237915
0.9633413553237915
0.963942289352417
0.9645432829856873
0.9669471383094788
0.9675480723381042
0.9675480723381042
0.9699519276618958
0.9699519276618958
0.971754789352417
0.9723557829856873
0.9747596383094788
0.9753605723381042
0.9759615659713745
0.9765625
0.9783653616905212
0.9789663553237915
0.9801682829856873
0.9801682829856873
0.9801682829856873
0.9819711446762085
0.9837740659713745
0.984375
0.984375
0.9837740659713745
0.9837740659713745
0.984375
0.9855769276618958
0.9855769276618958
0.9861778616905212
0.9885817170143127
0.9897836446762085
0.9903846383094788
0.9915865659713745
0.9921875
0.9921875
0.9927884340286255
0.9933894276618958
0.9927884340286255
0.9933894276618958
0.9939903616905212
0.9945913553237915
0.995192289352417
0.995192289352417
0.995192289352417
0.995192289352417
0.9957932829856873
0.9957932829856873
0.9957932829856873
0.9957932829856873
0.9957932829856873
0.9963942170143127
0.9957932829856873
0.9963942170143127
0.9963942170143127
0.9963942170143127
0.9963942170143127
0.9963942170143127
0.996995210647583
0.996995210647583
0.996995210647583
0.996995210647583
0.996995210647583
0.996995210647583
0.9975961446762085
0.9975961446762085
0.9975961446762085
0.9981971383094788
0.9981971383094788
0.9981971383094788
0.9981971383094788
0.9981971383094788
0.9981971383094788
0.9981971383094788
0.9987980723381042
0.9987980723381042
0.9987980723381042
0.9987980723381042
0.9987980723381042
0.9987980723381042
0.9987980723381042
0.9987980723381042
0.9987980723381042
0.9987980723381042
0.9987980723381042
0.9993990659713745
0.9993990659713745
0.9993990659713745
0.9993990659713745
0.9993990659713745
0.9993990659713745
0.9993990659713745
0.9993990659713745
0.9993990659713745
0.9993990659713745
0.9993990659713745
0.9993990659713745
0.9993990659713745
0.9993990659713745
0.9993990659713745
1.0
1.0
1.0
1.0
1.0
1.0
1.0
1.0
1.0
1.0
1.0
1.0
1.0
1.0
1.0
1.0
1.0
1.0
1.0
1.0
1.0
===
0.07798940688371658
0.06363720446825027
0.06681151688098907
0.07742542773485184
0.08783745765686035
0.09063269197940826
0.11346923559904099
0.12174557149410248
0.10683246701955795
0.17234036326408386
0.1909285932779312
0.211761936545372
0.21781465411186218
0.2351362109184265
0.2512096166610718
0.26610419154167175
0.28239646553993225
0.2991047203540802
0.3091546595096588
0.3096955120563507
0.3141626715660095
0.3070527911186218
0.3039555549621582
0.3294302225112915
0.37145277857780457
0.40505579113960266
0.4268198609352112
0.43186795711517334
0.42786768078804016
0.42923757433891296
0.44137537479400635
0.4608666002750397
0.4791404604911804
0.49142172932624817
0.4987996518611908
0.5069881081581116
0.5156219601631165
0.5186436772346497
0.5144400596618652
0.5112780928611755
0.5157174468040466
0.5212169885635376
0.515745222568512
0.5107171535491943
0.5111270546913147
0.512826681137085
0.5090051889419556
0.5062561631202698
0.5095983743667603
0.5146111249923706
0.5171228051185608
0.521733283996582
0.5272620916366577
0.5303747653961182
0.534382700920105
0.5424017310142517
0.5529662370681763
0.5632997155189514
0.5712370872497559
0.5782498121261597
0.5806459784507751
0.5825643539428711
0.5880639553070068
0.5974574089050293
0.6038060784339905
0.6076583862304688
0.6098896861076355
0.6098757982254028
0.6094689965248108
0.6118342876434326
0.6147143244743347
0.6177344918251038
0.6176760196685791
0.6171289682388306
0.6160765290260315
0.6148421764373779
0.6183863282203674
0.6222416758537292
0.625406801700592
0.6267951726913452
0.6280679702758789
0.6299679279327393
0.6350298523902893
0.6399809122085571
0.644038200378418
0.6471909284591675
0.6489598751068115
0.6526750326156616
0.6563517451286316
0.661230206489563
0.6650378108024597
0.667697548866272
0.6699596047401428
0.6738166213035583
0.679185152053833
0.6818247437477112
0.6834596395492554
0.6847695708274841
0.6881179213523865
0.6918901205062866
0.6949166059494019
0.6981569528579712
0.700573205947876
0.7035486698150635
0.707525908946991
0.7113982439041138
0.7143152952194214
0.7162905931472778
0.7186437249183655
0.7213927507400513
0.7238550782203674
0.7270294427871704
0.7296905517578125
0.7314519286155701
0.7330282926559448
0.7350175380706787
0.7370115518569946
0.7393490672111511
0.7409239411354065
0.7421998381614685
0.7437530159950256
0.7448918223381042
0.7461862564086914
0.7479690909385681
0.7489598393440247
0.74937903881073
0.7498874068260193
0.7514437437057495
0.7531173229217529
0.753787636756897
0.7540942430496216
0.7546506524085999
0.7553223967552185
0.7556490302085876
0.7562237977981567
0.7571746110916138
0.7574951648712158
0.7582131624221802
0.759029746055603
0.759516716003418
0.7599343657493591
0.7607896327972412
0.7614582777023315
0.7619436979293823
0.7622657418251038
0.7627772688865662
0.7630037665367126
0.7637482285499573
0.7642304301261902
0.7645063400268555
0.7647852301597595
0.7647852301597595
0.7655709981918335
0.7659439444541931
0.7658499479293823
0.7661073207855225
0.7663401365280151
0.766873300075531
0.7670166492462158
0.7669470906257629
0.7672938704490662
0.7675495147705078
0.7671334743499756
0.7672275304794312
0.7677822113037109
0.767737627029419
0.7673863172531128
0.7681752443313599
0.7679039835929871
0.7678331136703491
0.7683910131454468
0.7688578367233276
0.7693478465080261
0.7698301076889038
0.7699072360992432
0.7699966430664062
0.7708765268325806
0.7712494730949402
0.771132230758667
0.7709968090057373
0.7712971568107605
0.7715035676956177
0.7721508741378784
0.7716670632362366
0.7717887163162231
0.7726917862892151
0.7730569243431091
0.7726870775222778
0.7725992202758789
0.7730830907821655
0.7735268473625183
0.7734343409538269
0.7733465433120728
0.7737827301025391
0.7737133502960205
0.7738749980926514
0.7741755843162537
0.7741062641143799
0.7742912769317627
0.7744330167770386
0.7745500206947327
0.7742233872413635
0.7743635773658752
0.774198591709137
0.7738982439041138
0.773758053779602
0.774083137512207
0.7741062641143799
0.7739906907081604
0.7740107774734497
0.774425208568573
0.7741479277610779
0.773868978023529
0.7736116647720337
0.7739337086677551
0.7738412618637085
0.773930549621582
0.7741416692733765
0.7735098600387573
0.7737888097763062
0.7732555866241455
0.7741832137107849
0.773556113243103
0.7732356190681458
0.7733957767486572
0.7732757329940796
0.7732309699058533
0.7732818126678467
0.7735114693641663
0.7737872004508972
0.7735808491706848
0.7729582190513611
0.7734436392784119
0.7730737924575806
0.7732387185096741
0.7729367017745972
0.7736762762069702
0.7730753421783447
0.7726362943649292
0.7729151844978333
0.7733790278434753
0.7728919982910156
0.7731910347938538
0.7734020948410034
0.7735393047332764
0.773215651512146
0.7734730243682861
0.7740261554718018
0.7738181352615356
0.7739353179931641
0.7739800214767456
0.7741679549217224
0.7734237313270569
0.7736563086509705
0.7737734913825989
0.7733328938484192
